{
    "frames": [
        {
            "timestep_index": 0,
            "timestep_index_original": 0,
            "timestep_id": "000000",
            "camera_index": 0,
            "camera_id": "222200042",
            "cx": 274.9388427734375,
            "cy": 401.1011047363281,
            "fl_x": 2047.53466796875,
            "fl_y": 2047.632080078125,
            "h": 802,
            "w": 550,
            "camera_angle_x": 0.2670178287395617,
            "camera_angle_y": 0.38677698130950916,
            "transform_matrix": [
                [
                    0.6913290619850159,
                    -0.17846329510211945,
                    0.7001535892486572,
                    0.7611348778009415
                ],
                [
                    -0.021611154079437256,
                    0.9634761810302734,
                    0.266920804977417,
                    0.27870365884155035
                ],
                [
                    -0.7222168445587158,
                    -0.1996612697839737,
                    0.6622223258018494,
                    0.677632138133049
                ],
                [
                    0.0,
                    0.0,
                    0.0,
                    1.0
                ]
            ],
            "file_path": "images/00000_00.png",
            "fg_mask_path": "fg_masks/00000_00.png",
            "flame_param_path": "flame_param/00000.npz"
        },
        {
            "timestep_index": 0,
            "timestep_index_original": 0,
            "timestep_id": "000000",
            "camera_index": 1,
            "camera_id": "222200044",
            "cx": 274.9388427734375,
            "cy": 401.1011047363281,
            "fl_x": 2047.53466796875,
            "fl_y": 2047.632080078125,
            "h": 802,
            "w": 550,
            "camera_angle_x": 0.2670178287395617,
            "camera_angle_y": 0.38677698130950916,
            "transform_matrix": [
                [
                    0.7128409147262573,
                    0.20114362239837646,
                    0.6718624830245972,
                    0.7957418113946915
                ],
                [
                    -0.023457171395421028,
                    0.9642911553382874,
                    -0.2638036906719208,
                    -0.3260118970647454
                ],
                [
                    -0.7009334564208984,
                    0.17229005694389343,
                    0.6921045184135437,
                    0.7241113632917404
                ],
                [
                    0.0,
                    0.0,
                    0.0,
                    1.0
                ]
            ],
            "file_path": "images/00000_01.png",
            "fg_mask_path": "fg_masks/00000_01.png",
            "flame_param_path": "flame_param/00000.npz"
        },
        {
            "timestep_index": 0,
            "timestep_index_original": 0,
            "timestep_id": "000000",
            "camera_index": 2,
            "camera_id": "222200046",
            "cx": 274.9388427734375,
            "cy": 401.1011047363281,
            "fl_x": 2047.53466796875,
            "fl_y": 2047.632080078125,
            "h": 802,
            "w": 550,
            "camera_angle_x": 0.2670178287395617,
            "camera_angle_y": 0.38677698130950916,
            "transform_matrix": [
                [
                    0.8942331075668335,
                    -0.09928791970014572,
                    0.4364505708217621,
                    0.49991048872470856
                ],
                [
                    -0.014469532296061516,
                    0.9681652188301086,
                    0.2498936951160431,
                    0.29188987519592047
                ],
                [
                    -0.44736766815185547,
                    -0.2297784835100174,
                    0.8643287420272827,
                    0.9546243399381638
                ],
                [
                    0.0,
                    0.0,
                    0.0,
                    1.0
                ]
            ],
            "file_path": "images/00000_02.png",
            "fg_mask_path": "fg_masks/00000_02.png",
            "flame_param_path": "flame_param/00000.npz"
        },
        {
            "timestep_index": 0,
            "timestep_index_original": 0,
            "timestep_id": "000000",
            "camera_index": 3,
            "camera_id": "222200040",
            "cx": 274.9388427734375,
            "cy": 401.1011047363281,
            "fl_x": 2047.53466796875,
            "fl_y": 2047.632080078125,
            "h": 802,
            "w": 550,
            "camera_angle_x": 0.2670178287395617,
            "camera_angle_y": 0.38677698130950916,
            "transform_matrix": [
                [
                    0.8950270414352417,
                    0.1276426911354065,
                    0.427357017993927,
                    0.5162834078073502
                ],
                [
                    -0.011150959879159927,
                    0.9642783999443054,
                    -0.2646561563014984,
                    -0.3214987525716424
                ],
                [
                    -0.44587257504463196,
                    0.2321089655160904,
                    0.864478588104248,
                    1.0087463110685349
                ],
                [
                    0.0,
                    0.0,
                    0.0,
                    1.0
                ]
            ],
            "file_path": "images/00000_03.png",
            "fg_mask_path": "fg_masks/00000_03.png",
            "flame_param_path": "flame_param/00000.npz"
        },
        {
            "timestep_index": 0,
            "timestep_index_original": 0,
            "timestep_id": "000000",
            "camera_index": 4,
            "camera_id": "222200036",
            "cx": 274.9388427734375,
            "cy": 401.1011047363281,
            "fl_x": 2047.53466796875,
            "fl_y": 2047.632080078125,
            "h": 802,
            "w": 550,
            "camera_angle_x": 0.2670178287395617,
            "camera_angle_y": 0.38677698130950916,
            "transform_matrix": [
                [
                    0.9662169814109802,
                    -0.04446569085121155,
                    0.253865510225296,
                    0.3175436109304428
                ],
                [
                    -0.016716521233320236,
                    0.9721183180809021,
                    0.23389431834220886,
                    0.2579143038019538
                ],
                [
                    -0.2571875751018524,
                    -0.23023642599582672,
                    0.9385339617729187,
                    1.0715759247541428
                ],
                [
                    0.0,
                    0.0,
                    0.0,
                    1.0
                ]
            ],
            "file_path": "images/00000_04.png",
            "fg_mask_path": "fg_masks/00000_04.png",
            "flame_param_path": "flame_param/00000.npz"
        },
        {
            "timestep_index": 0,
            "timestep_index_original": 0,
            "timestep_id": "000000",
            "camera_index": 5,
            "camera_id": "222200048",
            "cx": 274.9388427734375,
            "cy": 401.1011047363281,
            "fl_x": 2047.53466796875,
            "fl_y": 2047.632080078125,
            "h": 802,
            "w": 550,
            "camera_angle_x": 0.2670178287395617,
            "camera_angle_y": 0.38677698130950916,
            "transform_matrix": [
                [
                    0.9690737128257751,
                    0.059255387634038925,
                    0.23955181241035461,
                    0.3176342695951462
                ],
                [
                    0.007330956868827343,
                    0.9634014368057251,
                    -0.2679627239704132,
                    -0.35584229324012995
                ],
                [
                    -0.24666284024715424,
                    0.2614317536354065,
                    0.9331725835800171,
                    1.115259811282158
                ],
                [
                    0.0,
                    0.0,
                    0.0,
                    1.0
                ]
            ],
            "file_path": "images/00000_05.png",
            "fg_mask_path": "fg_masks/00000_05.png",
            "flame_param_path": "flame_param/00000.npz"
        },
        {
            "timestep_index": 0,
            "timestep_index_original": 0,
            "timestep_id": "000000",
            "camera_index": 6,
            "camera_id": "220700191",
            "cx": 274.9388427734375,
            "cy": 401.1011047363281,
            "fl_x": 2047.53466796875,
            "fl_y": 2047.632080078125,
            "h": 802,
            "w": 550,
            "camera_angle_x": 0.2670178287395617,
            "camera_angle_y": 0.38677698130950916,
            "transform_matrix": [
                [
                    0.9959100484848022,
                    -0.02288743108510971,
                    0.08740390092134476,
                    0.1081487238407135
                ],
                [
                    6.976975419092923e-05,
                    0.9675777554512024,
                    0.2525732219219208,
                    0.25778099801391363
                ],
                [
                    -0.09035086631774902,
                    -0.251534104347229,
                    0.9636220335960388,
                    1.0697998255491257
                ],
                [
                    0.0,
                    0.0,
                    0.0,
                    1.0
                ]
            ],
            "file_path": "images/00000_06.png",
            "fg_mask_path": "fg_masks/00000_06.png",
            "flame_param_path": "flame_param/00000.npz"
        },
        {
            "timestep_index": 0,
            "timestep_index_original": 0,
            "timestep_id": "000000",
            "camera_index": 7,
            "camera_id": "222200041",
            "cx": 274.9388427734375,
            "cy": 401.1011047363281,
            "fl_x": 2047.53466796875,
            "fl_y": 2047.632080078125,
            "h": 802,
            "w": 550,
            "camera_angle_x": 0.2670178287395617,
            "camera_angle_y": 0.38677698130950916,
            "transform_matrix": [
                [
                    0.9953293204307556,
                    0.039745718240737915,
                    0.0879778191447258,
                    0.10967165231704712
                ],
                [
                    -0.015837522223591805,
                    0.9661960005760193,
                    -0.2573220133781433,
                    -0.3545260140672326
                ],
                [
                    -0.09523127973079681,
                    0.25472670793533325,
                    0.9623125791549683,
                    1.1185526102781296
                ],
                [
                    0.0,
                    0.0,
                    0.0,
                    1.0
                ]
            ],
            "file_path": "images/00000_07.png",
            "fg_mask_path": "fg_masks/00000_07.png",
            "flame_param_path": "flame_param/00000.npz"
        },
        {
            "timestep_index": 0,
            "timestep_index_original": 0,
            "timestep_id": "000000",
            "camera_index": 8,
            "camera_id": "222200037",
            "cx": 274.9388427734375,
            "cy": 401.1011047363281,
            "fl_x": 2047.53466796875,
            "fl_y": 2047.632080078125,
            "h": 802,
            "w": 550,
            "camera_angle_x": 0.2670178287395617,
            "camera_angle_y": 0.38677698130950916,
            "transform_matrix": [
                [
                    0.9954188466072083,
                    0.022225843742489815,
                    -0.09299159795045853,
                    -0.10737355053424835
                ],
                [
                    0.001620885101146996,
                    0.9685429930686951,
                    0.24884119629859924,
                    0.25815561320632696
                ],
                [
                    0.0955970510840416,
                    -0.24785193800926208,
                    0.9640699625015259,
                    1.0698357075452805
                ],
                [
                    0.0,
                    0.0,
                    0.0,
                    1.0
                ]
            ],
            "file_path": "images/00000_08.png",
            "fg_mask_path": "fg_masks/00000_08.png",
            "flame_param_path": "flame_param/00000.npz"
        },
        {
            "timestep_index": 0,
            "timestep_index_original": 0,
            "timestep_id": "000000",
            "camera_index": 9,
            "camera_id": "222200038",
            "cx": 274.9388427734375,
            "cy": 401.1011047363281,
            "fl_x": 2047.53466796875,
            "fl_y": 2047.632080078125,
            "h": 802,
            "w": 550,
            "camera_angle_x": 0.2670178287395617,
            "camera_angle_y": 0.38677698130950916,
            "transform_matrix": [
                [
                    0.9959408640861511,
                    -0.011945175938308239,
                    -0.08921503275632858,
                    -0.11561762541532516
                ],
                [
                    -0.014998821541666985,
                    0.955274224281311,
                    -0.29534098505973816,
                    -0.3539750883355737
                ],
                [
                    0.08875270187854767,
                    0.29548022150993347,
                    0.9512174725532532,
                    1.13291697204113
                ],
                [
                    0.0,
                    0.0,
                    0.0,
                    1.0
                ]
            ],
            "file_path": "images/00000_09.png",
            "fg_mask_path": "fg_masks/00000_09.png",
            "flame_param_path": "flame_param/00000.npz"
        },
        {
            "timestep_index": 0,
            "timestep_index_original": 0,
            "timestep_id": "000000",
            "camera_index": 10,
            "camera_id": "222200047",
            "cx": 274.9388427734375,
            "cy": 401.1011047363281,
            "fl_x": 2047.53466796875,
            "fl_y": 2047.632080078125,
            "h": 802,
            "w": 550,
            "camera_angle_x": 0.2670178287395617,
            "camera_angle_y": 0.38677698130950916,
            "transform_matrix": [
                [
                    0.9696743488311768,
                    0.05178796127438545,
                    -0.23885074257850647,
                    -0.31035856902599335
                ],
                [
                    0.006852675694972277,
                    0.9711464643478394,
                    0.23838546872138977,
                    0.2631340613588691
                ],
                [
                    0.2443045675754547,
                    -0.23279306292533875,
                    0.9413410425186157,
                    1.0838135927915573
                ],
                [
                    0.0,
                    0.0,
                    0.0,
                    1.0
                ]
            ],
            "file_path": "images/00000_10.png",
            "fg_mask_path": "fg_masks/00000_10.png",
            "flame_param_path": "flame_param/00000.npz"
        },
        {
            "timestep_index": 0,
            "timestep_index_original": 0,
            "timestep_id": "000000",
            "camera_index": 11,
            "camera_id": "222200043",
            "cx": 274.9388427734375,
            "cy": 401.1011047363281,
            "fl_x": 2047.53466796875,
            "fl_y": 2047.632080078125,
            "h": 802,
            "w": 550,
            "camera_angle_x": 0.2670178287395617,
            "camera_angle_y": 0.38677698130950916,
            "transform_matrix": [
                [
                    0.9672862887382507,
                    -0.07141640782356262,
                    -0.2434280812740326,
                    -0.32911260426044464
                ],
                [
                    0.0009544527856633067,
                    0.9605752229690552,
                    -0.2780188024044037,
                    -0.3521236488595605
                ],
                [
                    0.25368601083755493,
                    0.26869142055511475,
                    0.9292193055152893,
                    1.1289477795362473
                ],
                [
                    0.0,
                    0.0,
                    0.0,
                    1.0
                ]
            ],
            "file_path": "images/00000_11.png",
            "fg_mask_path": "fg_masks/00000_11.png",
            "flame_param_path": "flame_param/00000.npz"
        },
        {
            "timestep_index": 0,
            "timestep_index_original": 0,
            "timestep_id": "000000",
            "camera_index": 12,
            "camera_id": "222200049",
            "cx": 274.9388427734375,
            "cy": 401.1011047363281,
            "fl_x": 2047.53466796875,
            "fl_y": 2047.632080078125,
            "h": 802,
            "w": 550,
            "camera_angle_x": 0.2670178287395617,
            "camera_angle_y": 0.38677698130950916,
            "transform_matrix": [
                [
                    0.898817241191864,
                    0.10542270541191101,
                    -0.4254572093486786,
                    -0.505538746714592
                ],
                [
                    0.014033757150173187,
                    0.9632269740104675,
                    0.26832252740859985,
                    0.29624792840331793
                ],
                [
                    0.43809911608695984,
                    -0.2471436858177185,
                    0.864285409450531,
                    0.9688451737165451
                ],
                [
                    0.0,
                    0.0,
                    0.0,
                    1.0
                ]
            ],
            "file_path": "images/00000_12.png",
            "fg_mask_path": "fg_masks/00000_12.png",
            "flame_param_path": "flame_param/00000.npz"
        },
        {
            "timestep_index": 0,
            "timestep_index_original": 0,
            "timestep_id": "000000",
            "camera_index": 13,
            "camera_id": "222200039",
            "cx": 274.9388427734375,
            "cy": 401.1011047363281,
            "fl_x": 2047.53466796875,
            "fl_y": 2047.632080078125,
            "h": 802,
            "w": 550,
            "camera_angle_x": 0.2670178287395617,
            "camera_angle_y": 0.38677698130950916,
            "transform_matrix": [
                [
                    0.8885046243667603,
                    -0.1419670432806015,
                    -0.4363541603088379,
                    -0.5392796248197556
                ],
                [
                    0.03312795236706734,
                    0.968300998210907,
                    -0.24757985770702362,
                    -0.31605562660843134
                ],
                [
                    0.45767033100128174,
                    0.20552028715610504,
                    0.865043044090271,
                    1.0130633562803268
                ],
                [
                    0.0,
                    0.0,
                    0.0,
                    1.0
                ]
            ],
            "file_path": "images/00000_13.png",
            "fg_mask_path": "fg_masks/00000_13.png",
            "flame_param_path": "flame_param/00000.npz"
        },
        {
            "timestep_index": 0,
            "timestep_index_original": 0,
            "timestep_id": "000000",
            "camera_index": 14,
            "camera_id": "222200045",
            "cx": 274.9388427734375,
            "cy": 401.1011047363281,
            "fl_x": 2047.53466796875,
            "fl_y": 2047.632080078125,
            "h": 802,
            "w": 550,
            "camera_angle_x": 0.2670178287395617,
            "camera_angle_y": 0.38677698130950916,
            "transform_matrix": [
                [
                    0.6943346261978149,
                    -0.1909029185771942,
                    -0.6938700675964355,
                    -0.8221259564161301
                ],
                [
                    0.010153135284781456,
                    0.9666765928268433,
                    -0.25579962134361267,
                    -0.3219324955716729
                ],
                [
                    0.7195807695388794,
                    0.17056557536125183,
                    0.6731352210044861,
                    0.7405029386281967
                ],
                [
                    0.0,
                    0.0,
                    0.0,
                    1.0
                ]
            ],
            "file_path": "images/00000_14.png",
            "fg_mask_path": "fg_masks/00000_14.png",
            "flame_param_path": "flame_param/00000.npz"
        },
        {
            "timestep_index": 0,
            "timestep_index_original": 0,
            "timestep_id": "000000",
            "camera_index": 15,
            "camera_id": "221501007",
            "cx": 274.9388427734375,
            "cy": 401.1011047363281,
            "fl_x": 2047.53466796875,
            "fl_y": 2047.632080078125,
            "h": 802,
            "w": 550,
            "camera_angle_x": 0.2670178287395617,
            "camera_angle_y": 0.38677698130950916,
            "transform_matrix": [
                [
                    0.7047011256217957,
                    0.16273389756679535,
                    -0.6905896663665771,
                    -0.7838817685842514
                ],
                [
                    0.04409809783101082,
                    0.9614132642745972,
                    0.2715512216091156,
                    0.2905004909262061
                ],
                [
                    0.7081326246261597,
                    -0.22181615233421326,
                    0.670332670211792,
                    0.6938072293996811
                ],
                [
                    0.0,
                    0.0,
                    0.0,
                    1.0
                ]
            ],
            "file_path": "images/00000_15.png",
            "fg_mask_path": "fg_masks/00000_15.png",
            "flame_param_path": "flame_param/00000.npz"
        }
    ],
    "cx": 274.9388427734375,
    "cy": 401.1011047363281,
    "fl_x": 2047.53466796875,
    "fl_y": 2047.632080078125,
    "h": 802,
    "w": 550,
    "camera_angle_x": 0.2670178287395617,
    "camera_angle_y": 0.38677698130950916,
    "timestep_indices": [
        0
    ],
    "camera_indices": [
        0,
        1,
        2,
        3,
        4,
        5,
        6,
        7,
        8,
        9,
        10,
        11,
        12,
        13,
        14,
        15
    ]
}