{
    "frames": [
        {
            "timestep_index": 0,
            "timestep_index_original": 0,
            "timestep_id": "000000",
            "camera_index": 0,
            "camera_id": "222200042",
            "cx": 274.8956298828125,
            "cy": 401.136474609375,
            "fl_x": 2048.223388671875,
            "fl_y": 2048.228271484375,
            "h": 802,
            "w": 550,
            "camera_angle_x": 0.26692910586902324,
            "camera_angle_y": 0.3866671844347014,
            "transform_matrix": [
                [
                    0.6907334923744202,
                    -0.17891155183315277,
                    0.7006269097328186,
                    0.7440779507160187
                ],
                [
                    -0.02143036015331745,
                    0.9634179472923279,
                    0.26714545488357544,
                    0.27820772491395473
                ],
                [
                    -0.7227919101715088,
                    -0.19954097270965576,
                    0.6616308689117432,
                    0.7279577702283859
                ],
                [
                    0.0,
                    0.0,
                    0.0,
                    1.0
                ]
            ],
            "file_path": "images/00000_00.png",
            "fg_mask_path": "fg_masks/00000_00.png",
            "flame_param_path": "flame_param/00000.npz"
        },
        {
            "timestep_index": 0,
            "timestep_index_original": 0,
            "timestep_id": "000000",
            "camera_index": 1,
            "camera_id": "222200044",
            "cx": 274.8956298828125,
            "cy": 401.136474609375,
            "fl_x": 2048.223388671875,
            "fl_y": 2048.228271484375,
            "h": 802,
            "w": 550,
            "camera_angle_x": 0.26692910586902324,
            "camera_angle_y": 0.3866671844347014,
            "transform_matrix": [
                [
                    0.7158827185630798,
                    0.2007644921541214,
                    0.6687343120574951,
                    0.7756587564945221
                ],
                [
                    -0.023799607530236244,
                    0.9642293453216553,
                    -0.2639990746974945,
                    -0.3277434352785349
                ],
                [
                    -0.6978148221969604,
                    0.17307676374912262,
                    0.695053219795227,
                    0.7749066203832626
                ],
                [
                    0.0,
                    0.0,
                    0.0,
                    1.0
                ]
            ],
            "file_path": "images/00000_01.png",
            "fg_mask_path": "fg_masks/00000_01.png",
            "flame_param_path": "flame_param/00000.npz"
        },
        {
            "timestep_index": 0,
            "timestep_index_original": 0,
            "timestep_id": "000000",
            "camera_index": 2,
            "camera_id": "222200046",
            "cx": 274.8956298828125,
            "cy": 401.136474609375,
            "fl_x": 2048.223388671875,
            "fl_y": 2048.228271484375,
            "h": 802,
            "w": 550,
            "camera_angle_x": 0.26692910586902324,
            "camera_angle_y": 0.3866671844347014,
            "transform_matrix": [
                [
                    0.8940605521202087,
                    -0.09927684813737869,
                    0.4368065893650055,
                    0.48312297463417053
                ],
                [
                    -0.014511698856949806,
                    0.9682005643844604,
                    0.2497541308403015,
                    0.29092476330697536
                ],
                [
                    -0.44771111011505127,
                    -0.2296341210603714,
                    0.8641891479492188,
                    1.004972979426384
                ],
                [
                    0.0,
                    0.0,
                    0.0,
                    1.0
                ]
            ],
            "file_path": "images/00000_02.png",
            "fg_mask_path": "fg_masks/00000_02.png",
            "flame_param_path": "flame_param/00000.npz"
        },
        {
            "timestep_index": 0,
            "timestep_index_original": 0,
            "timestep_id": "000000",
            "camera_index": 3,
            "camera_id": "222200040",
            "cx": 274.8956298828125,
            "cy": 401.136474609375,
            "fl_x": 2048.223388671875,
            "fl_y": 2048.228271484375,
            "h": 802,
            "w": 550,
            "camera_angle_x": 0.26692910586902324,
            "camera_angle_y": 0.3866671844347014,
            "transform_matrix": [
                [
                    0.8949093222618103,
                    0.12769728899002075,
                    0.4275871813297272,
                    0.49958309531211853
                ],
                [
                    -0.011183680035173893,
                    0.9642996191978455,
                    -0.2645776867866516,
                    -0.3213407639414072
                ],
                [
                    -0.4461079239845276,
                    0.2319909781217575,
                    0.864388644695282,
                    1.0589409321546555
                ],
                [
                    0.0,
                    0.0,
                    0.0,
                    1.0
                ]
            ],
            "file_path": "images/00000_03.png",
            "fg_mask_path": "fg_masks/00000_03.png",
            "flame_param_path": "flame_param/00000.npz"
        },
        {
            "timestep_index": 0,
            "timestep_index_original": 0,
            "timestep_id": "000000",
            "camera_index": 4,
            "camera_id": "222200036",
            "cx": 274.8956298828125,
            "cy": 401.136474609375,
            "fl_x": 2048.223388671875,
            "fl_y": 2048.228271484375,
            "h": 802,
            "w": 550,
            "camera_angle_x": 0.26692910586902324,
            "camera_angle_y": 0.3866671844347014,
            "transform_matrix": [
                [
                    0.9666355848312378,
                    -0.04440321773290634,
                    0.25227779150009155,
                    0.30033424496650696
                ],
                [
                    -0.016554929316043854,
                    0.9719731211662292,
                    0.23450860381126404,
                    0.2572194989770651
                ],
                [
                    -0.25562015175819397,
                    -0.23086079955101013,
                    0.9388085603713989,
                    1.1217881888151169
                ],
                [
                    0.0,
                    0.0,
                    0.0,
                    1.0
                ]
            ],
            "file_path": "images/00000_04.png",
            "fg_mask_path": "fg_masks/00000_04.png",
            "flame_param_path": "flame_param/00000.npz"
        },
        {
            "timestep_index": 0,
            "timestep_index_original": 0,
            "timestep_id": "000000",
            "camera_index": 5,
            "camera_id": "222200048",
            "cx": 274.8956298828125,
            "cy": 401.136474609375,
            "fl_x": 2048.223388671875,
            "fl_y": 2048.228271484375,
            "h": 802,
            "w": 550,
            "camera_angle_x": 0.26692910586902324,
            "camera_angle_y": 0.3866671844347014,
            "transform_matrix": [
                [
                    0.9690037369728088,
                    0.059359110891819,
                    0.23980914056301117,
                    0.3011573553085327
                ],
                [
                    0.007284227758646011,
                    0.9634178280830383,
                    -0.26790496706962585,
                    -0.3555311802774668
                ],
                [
                    -0.24693894386291504,
                    0.2613476812839508,
                    0.9331229329109192,
                    1.165661260485649
                ],
                [
                    0.0,
                    0.0,
                    0.0,
                    1.0
                ]
            ],
            "file_path": "images/00000_05.png",
            "fg_mask_path": "fg_masks/00000_05.png",
            "flame_param_path": "flame_param/00000.npz"
        },
        {
            "timestep_index": 0,
            "timestep_index_original": 0,
            "timestep_id": "000000",
            "camera_index": 6,
            "camera_id": "220700191",
            "cx": 274.8956298828125,
            "cy": 401.136474609375,
            "fl_x": 2048.223388671875,
            "fl_y": 2048.228271484375,
            "h": 802,
            "w": 550,
            "camera_angle_x": 0.26692910586902324,
            "camera_angle_y": 0.3866671844347014,
            "transform_matrix": [
                [
                    0.9958803653717041,
                    -0.022991850972175598,
                    0.08771469444036484,
                    0.09135973453521729
                ],
                [
                    8.641261229058728e-05,
                    0.9675611853599548,
                    0.2526369094848633,
                    0.2569549139589071
                ],
                [
                    -0.0906779021024704,
                    -0.2515885531902313,
                    0.9635770320892334,
                    1.1200445145368576
                ],
                [
                    0.0,
                    0.0,
                    0.0,
                    1.0
                ]
            ],
            "file_path": "images/00000_06.png",
            "fg_mask_path": "fg_masks/00000_06.png",
            "flame_param_path": "flame_param/00000.npz"
        },
        {
            "timestep_index": 0,
            "timestep_index_original": 0,
            "timestep_id": "000000",
            "camera_index": 7,
            "camera_id": "222200041",
            "cx": 274.8956298828125,
            "cy": 401.136474609375,
            "fl_x": 2048.223388671875,
            "fl_y": 2048.228271484375,
            "h": 802,
            "w": 550,
            "camera_angle_x": 0.26692910586902324,
            "camera_angle_y": 0.3866671844347014,
            "transform_matrix": [
                [
                    0.9952682852745056,
                    0.03990766033530235,
                    0.08859147131443024,
                    0.09373331069946289
                ],
                [
                    -0.015852859243750572,
                    0.9662380218505859,
                    -0.2571629583835602,
                    -0.354176664724946
                ],
                [
                    -0.0958632081747055,
                    0.25454166531562805,
                    0.9622986316680908,
                    1.1688025444746017
                ],
                [
                    0.0,
                    0.0,
                    0.0,
                    1.0
                ]
            ],
            "file_path": "images/00000_07.png",
            "fg_mask_path": "fg_masks/00000_07.png",
            "flame_param_path": "flame_param/00000.npz"
        },
        {
            "timestep_index": 0,
            "timestep_index_original": 0,
            "timestep_id": "000000",
            "camera_index": 8,
            "camera_id": "222200037",
            "cx": 274.8956298828125,
            "cy": 401.136474609375,
            "fl_x": 2048.223388671875,
            "fl_y": 2048.228271484375,
            "h": 802,
            "w": 550,
            "camera_angle_x": 0.26692910586902324,
            "camera_angle_y": 0.3866671844347014,
            "transform_matrix": [
                [
                    0.9954093098640442,
                    0.022045323625206947,
                    -0.09313631057739258,
                    -0.12372519820928574
                ],
                [
                    0.0017988389590755105,
                    0.9686303734779358,
                    0.24849970638751984,
                    0.2572066839784384
                ],
                [
                    0.09569293260574341,
                    -0.24752646684646606,
                    0.9641438722610474,
                    1.1202154606580734
                ],
                [
                    0.0,
                    0.0,
                    0.0,
                    1.0
                ]
            ],
            "file_path": "images/00000_08.png",
            "fg_mask_path": "fg_masks/00000_08.png",
            "flame_param_path": "flame_param/00000.npz"
        },
        {
            "timestep_index": 0,
            "timestep_index_original": 0,
            "timestep_id": "000000",
            "camera_index": 9,
            "camera_id": "222200038",
            "cx": 274.8956298828125,
            "cy": 401.136474609375,
            "fl_x": 2048.223388671875,
            "fl_y": 2048.228271484375,
            "h": 802,
            "w": 550,
            "camera_angle_x": 0.26692910586902324,
            "camera_angle_y": 0.3866671844347014,
            "transform_matrix": [
                [
                    0.9959813952445984,
                    -0.0116750318557024,
                    -0.08879691362380981,
                    -0.13155728578567505
                ],
                [
                    -0.015155543573200703,
                    0.955197811126709,
                    -0.2955801486968994,
                    -0.35404022969305515
                ],
                [
                    0.08826953172683716,
                    0.2957380414009094,
                    0.9511821866035461,
                    1.1830615252256393
                ],
                [
                    0.0,
                    0.0,
                    0.0,
                    1.0
                ]
            ],
            "file_path": "images/00000_09.png",
            "fg_mask_path": "fg_masks/00000_09.png",
            "flame_param_path": "flame_param/00000.npz"
        },
        {
            "timestep_index": 0,
            "timestep_index_original": 0,
            "timestep_id": "000000",
            "camera_index": 10,
            "camera_id": "222200047",
            "cx": 274.8956298828125,
            "cy": 401.136474609375,
            "fl_x": 2048.223388671875,
            "fl_y": 2048.228271484375,
            "h": 802,
            "w": 550,
            "camera_angle_x": 0.26692910586902324,
            "camera_angle_y": 0.3866671844347014,
            "transform_matrix": [
                [
                    0.9694324135780334,
                    0.052061159163713455,
                    -0.23977170884609222,
                    -0.32551446557044983
                ],
                [
                    0.0068086544051766396,
                    0.9711453318595886,
                    0.23839128017425537,
                    0.2623764034360647
                ],
                [
                    0.24526409804821014,
                    -0.2327367663383484,
                    0.9411051869392395,
                    1.1340357512235641
                ],
                [
                    0.0,
                    0.0,
                    0.0,
                    1.0
                ]
            ],
            "file_path": "images/00000_10.png",
            "fg_mask_path": "fg_masks/00000_10.png",
            "flame_param_path": "flame_param/00000.npz"
        },
        {
            "timestep_index": 0,
            "timestep_index_original": 0,
            "timestep_id": "000000",
            "camera_index": 11,
            "camera_id": "222200043",
            "cx": 274.8956298828125,
            "cy": 401.136474609375,
            "fl_x": 2048.223388671875,
            "fl_y": 2048.228271484375,
            "h": 802,
            "w": 550,
            "camera_angle_x": 0.26692910586902324,
            "camera_angle_y": 0.3866671844347014,
            "transform_matrix": [
                [
                    0.9674978852272034,
                    -0.0711507499217987,
                    -0.24266354739665985,
                    -0.3443337082862854
                ],
                [
                    0.00097468844614923,
                    0.9606437683105469,
                    -0.27778175473213196,
                    -0.3517704252153635
                ],
                [
                    0.2528775930404663,
                    0.2685166597366333,
                    0.9294899702072144,
                    1.1795621365308762
                ],
                [
                    0.0,
                    0.0,
                    0.0,
                    1.0
                ]
            ],
            "file_path": "images/00000_11.png",
            "fg_mask_path": "fg_masks/00000_11.png",
            "flame_param_path": "flame_param/00000.npz"
        },
        {
            "timestep_index": 0,
            "timestep_index_original": 0,
            "timestep_id": "000000",
            "camera_index": 12,
            "camera_id": "222200049",
            "cx": 274.8956298828125,
            "cy": 401.136474609375,
            "fl_x": 2048.223388671875,
            "fl_y": 2048.228271484375,
            "h": 802,
            "w": 550,
            "camera_angle_x": 0.26692910586902324,
            "camera_angle_y": 0.3866671844347014,
            "transform_matrix": [
                [
                    0.8989928364753723,
                    0.10533835738897324,
                    -0.42510688304901123,
                    -0.5208289921283722
                ],
                [
                    0.014053710736334324,
                    0.9632063508033752,
                    0.26839545369148254,
                    0.2955609019845724
                ],
                [
                    0.43773791193962097,
                    -0.24725989997386932,
                    0.864435076713562,
                    1.0192460268735886
                ],
                [
                    0.0,
                    0.0,
                    0.0,
                    1.0
                ]
            ],
            "file_path": "images/00000_12.png",
            "fg_mask_path": "fg_masks/00000_12.png",
            "flame_param_path": "flame_param/00000.npz"
        },
        {
            "timestep_index": 0,
            "timestep_index_original": 0,
            "timestep_id": "000000",
            "camera_index": 13,
            "camera_id": "222200039",
            "cx": 274.8956298828125,
            "cy": 401.136474609375,
            "fl_x": 2048.223388671875,
            "fl_y": 2048.228271484375,
            "h": 802,
            "w": 550,
            "camera_angle_x": 0.26692910586902324,
            "camera_angle_y": 0.3866671844347014,
            "transform_matrix": [
                [
                    0.888889729976654,
                    -0.14174483716487885,
                    -0.4356415867805481,
                    -0.5541736781597137
                ],
                [
                    0.03306415304541588,
                    0.9683001637458801,
                    -0.2475915402173996,
                    -0.3159413877874613
                ],
                [
                    0.4569266140460968,
                    0.20567739009857178,
                    0.8653985857963562,
                    1.0636709183454514
                ],
                [
                    0.0,
                    0.0,
                    0.0,
                    1.0
                ]
            ],
            "file_path": "images/00000_13.png",
            "fg_mask_path": "fg_masks/00000_13.png",
            "flame_param_path": "flame_param/00000.npz"
        },
        {
            "timestep_index": 0,
            "timestep_index_original": 0,
            "timestep_id": "000000",
            "camera_index": 14,
            "camera_id": "222200045",
            "cx": 274.8956298828125,
            "cy": 401.136474609375,
            "fl_x": 2048.223388671875,
            "fl_y": 2048.228271484375,
            "h": 802,
            "w": 550,
            "camera_angle_x": 0.26692910586902324,
            "camera_angle_y": 0.3866671844347014,
            "transform_matrix": [
                [
                    0.694983959197998,
                    -0.1906898319721222,
                    -0.6932782530784607,
                    -0.8368314802646637
                ],
                [
                    0.010176974348723888,
                    0.9667040109634399,
                    -0.2556949555873871,
                    -0.3217227701097727
                ],
                [
                    0.7189532518386841,
                    0.17064836621284485,
                    0.6737843751907349,
                    0.7914970368146896
                ],
                [
                    0.0,
                    0.0,
                    0.0,
                    1.0
                ]
            ],
            "file_path": "images/00000_14.png",
            "fg_mask_path": "fg_masks/00000_14.png",
            "flame_param_path": "flame_param/00000.npz"
        },
        {
            "timestep_index": 0,
            "timestep_index_original": 0,
            "timestep_id": "000000",
            "camera_index": 15,
            "camera_id": "221501007",
            "cx": 274.8956298828125,
            "cy": 401.136474609375,
            "fl_x": 2048.223388671875,
            "fl_y": 2048.228271484375,
            "h": 802,
            "w": 550,
            "camera_angle_x": 0.26692910586902324,
            "camera_angle_y": 0.3866671844347014,
            "transform_matrix": [
                [
                    0.7050220966339111,
                    0.16294823586940765,
                    -0.6902114152908325,
                    -0.7986421883106232
                ],
                [
                    0.04424101859331131,
                    0.9612443447113037,
                    0.2721252739429474,
                    0.28998312912881374
                ],
                [
                    0.7078040838241577,
                    -0.22238999605178833,
                    0.6704894304275513,
                    0.7446490973234177
                ],
                [
                    0.0,
                    0.0,
                    0.0,
                    1.0
                ]
            ],
            "file_path": "images/00000_15.png",
            "fg_mask_path": "fg_masks/00000_15.png",
            "flame_param_path": "flame_param/00000.npz"
        }
    ],
    "cx": 274.8956298828125,
    "cy": 401.136474609375,
    "fl_x": 2048.223388671875,
    "fl_y": 2048.228271484375,
    "h": 802,
    "w": 550,
    "camera_angle_x": 0.26692910586902324,
    "camera_angle_y": 0.3866671844347014,
    "timestep_indices": [
        0
    ],
    "camera_indices": [
        0,
        1,
        2,
        3,
        4,
        5,
        6,
        7,
        8,
        9,
        10,
        11,
        12,
        13,
        14,
        15
    ]
}