{
    "frames": [
        {
            "timestep_index": 0,
            "timestep_index_original": 0,
            "timestep_id": "000000",
            "camera_index": 0,
            "camera_id": "222200042",
            "cx": 274.87823486328125,
            "cy": 401.1339416503906,
            "fl_x": 2048.7333984375,
            "fl_y": 2048.7451171875,
            "h": 802,
            "w": 550,
            "camera_angle_x": 0.2668634427881083,
            "camera_angle_y": 0.3865720499690903,
            "transform_matrix": [
                [
                    0.6910187005996704,
                    -0.17855854332447052,
                    0.7004356384277344,
                    0.7682347437366843
                ],
                [
                    -0.021603912115097046,
                    0.963474690914154,
                    0.26692721247673035,
                    0.2700266595929861
                ],
                [
                    -0.7225142121315002,
                    -0.1995837688446045,
                    0.6619212627410889,
                    0.7297043763101101
                ],
                [
                    0.0,
                    0.0,
                    0.0,
                    1.0
                ]
            ],
            "file_path": "images/00000_00.png",
            "fg_mask_path": "fg_masks/00000_00.png",
            "flame_param_path": "flame_param/00000.npz"
        },
        {
            "timestep_index": 0,
            "timestep_index_original": 0,
            "timestep_id": "000000",
            "camera_index": 1,
            "camera_id": "222200044",
            "cx": 274.87823486328125,
            "cy": 401.1339416503906,
            "fl_x": 2048.7333984375,
            "fl_y": 2048.7451171875,
            "h": 802,
            "w": 550,
            "camera_angle_x": 0.2668634427881083,
            "camera_angle_y": 0.3865720499690903,
            "transform_matrix": [
                [
                    0.7155617475509644,
                    0.20249547064304352,
                    0.6685559749603271,
                    0.7997522493824363
                ],
                [
                    -0.024280840530991554,
                    0.9636948108673096,
                    -0.26590055227279663,
                    -0.33810349740087986
                ],
                [
                    -0.6981276273727417,
                    0.17403510212898254,
                    0.694499671459198,
                    0.7760841809213161
                ],
                [
                    0.0,
                    0.0,
                    0.0,
                    1.0
                ]
            ],
            "file_path": "images/00000_01.png",
            "fg_mask_path": "fg_masks/00000_01.png",
            "flame_param_path": "flame_param/00000.npz"
        },
        {
            "timestep_index": 0,
            "timestep_index_original": 0,
            "timestep_id": "000000",
            "camera_index": 2,
            "camera_id": "222200046",
            "cx": 274.87823486328125,
            "cy": 401.1339416503906,
            "fl_x": 2048.7333984375,
            "fl_y": 2048.7451171875,
            "h": 802,
            "w": 550,
            "camera_angle_x": 0.2668634427881083,
            "camera_angle_y": 0.3865720499690903,
            "transform_matrix": [
                [
                    0.8940921425819397,
                    -0.09921445697546005,
                    0.43675586581230164,
                    0.507078661583364
                ],
                [
                    -0.014465169981122017,
                    0.9682509303092957,
                    0.249562069773674,
                    0.28269646130502224
                ],
                [
                    -0.4476495087146759,
                    -0.22944918274879456,
                    0.8642702698707581,
                    1.006689663976431
                ],
                [
                    0.0,
                    0.0,
                    0.0,
                    1.0
                ]
            ],
            "file_path": "images/00000_02.png",
            "fg_mask_path": "fg_masks/00000_02.png",
            "flame_param_path": "flame_param/00000.npz"
        },
        {
            "timestep_index": 0,
            "timestep_index_original": 0,
            "timestep_id": "000000",
            "camera_index": 3,
            "camera_id": "222200040",
            "cx": 274.87823486328125,
            "cy": 401.1339416503906,
            "fl_x": 2048.7333984375,
            "fl_y": 2048.7451171875,
            "h": 802,
            "w": 550,
            "camera_angle_x": 0.2668634427881083,
            "camera_angle_y": 0.3865720499690903,
            "transform_matrix": [
                [
                    0.8952240943908691,
                    0.12776301801204681,
                    0.42690789699554443,
                    0.5235536238178611
                ],
                [
                    -0.011359013617038727,
                    0.9642486572265625,
                    -0.26475608348846436,
                    -0.3299556914716959
                ],
                [
                    -0.44547152519226074,
                    0.23216672241687775,
                    0.8646697402000427,
                    1.0606578551232815
                ],
                [
                    0.0,
                    0.0,
                    0.0,
                    1.0
                ]
            ],
            "file_path": "images/00000_03.png",
            "fg_mask_path": "fg_masks/00000_03.png",
            "flame_param_path": "flame_param/00000.npz"
        },
        {
            "timestep_index": 0,
            "timestep_index_original": 0,
            "timestep_id": "000000",
            "camera_index": 4,
            "camera_id": "222200036",
            "cx": 274.87823486328125,
            "cy": 401.1339416503906,
            "fl_x": 2048.7333984375,
            "fl_y": 2048.7451171875,
            "h": 802,
            "w": 550,
            "camera_angle_x": 0.2668634427881083,
            "camera_angle_y": 0.3865720499690903,
            "transform_matrix": [
                [
                    0.9665085077285767,
                    -0.044443920254707336,
                    0.25275683403015137,
                    0.3247446557506919
                ],
                [
                    -0.016672592610120773,
                    0.9719357490539551,
                    0.23465575277805328,
                    0.24915099702775478
                ],
                [
                    -0.2560925781726837,
                    -0.23101086914539337,
                    0.9386430382728577,
                    1.1232327185571194
                ],
                [
                    0.0,
                    0.0,
                    0.0,
                    1.0
                ]
            ],
            "file_path": "images/00000_04.png",
            "fg_mask_path": "fg_masks/00000_04.png",
            "flame_param_path": "flame_param/00000.npz"
        },
        {
            "timestep_index": 0,
            "timestep_index_original": 0,
            "timestep_id": "000000",
            "camera_index": 5,
            "camera_id": "222200048",
            "cx": 274.87823486328125,
            "cy": 401.1339416503906,
            "fl_x": 2048.7333984375,
            "fl_y": 2048.7451171875,
            "h": 802,
            "w": 550,
            "camera_angle_x": 0.2668634427881083,
            "camera_angle_y": 0.3865720499690903,
            "transform_matrix": [
                [
                    0.9689432382583618,
                    0.05945679545402527,
                    0.2400290071964264,
                    0.32506324257701635
                ],
                [
                    0.007364004850387573,
                    0.9632958173751831,
                    -0.26834163069725037,
                    -0.3646646086126566
                ],
                [
                    -0.24717380106449127,
                    0.26177534461021423,
                    0.9329409599304199,
                    1.1671435795724392
                ],
                [
                    0.0,
                    0.0,
                    0.0,
                    1.0
                ]
            ],
            "file_path": "images/00000_05.png",
            "fg_mask_path": "fg_masks/00000_05.png",
            "flame_param_path": "flame_param/00000.npz"
        },
        {
            "timestep_index": 0,
            "timestep_index_original": 0,
            "timestep_id": "000000",
            "camera_index": 6,
            "camera_id": "220700191",
            "cx": 274.87823486328125,
            "cy": 401.1339416503906,
            "fl_x": 2048.7333984375,
            "fl_y": 2048.7451171875,
            "h": 802,
            "w": 550,
            "camera_angle_x": 0.2668634427881083,
            "camera_angle_y": 0.3865720499690903,
            "transform_matrix": [
                [
                    0.9958387613296509,
                    -0.02301347814500332,
                    0.0881786197423935,
                    0.11561794485896826
                ],
                [
                    -2.319988743693102e-05,
                    0.9675256013870239,
                    0.2527736723423004,
                    0.24885848723351955
                ],
                [
                    -0.09113240987062454,
                    -0.2517238259315491,
                    0.9634988307952881,
                    1.12170934304595
                ],
                [
                    0.0,
                    0.0,
                    0.0,
                    1.0
                ]
            ],
            "file_path": "images/00000_06.png",
            "fg_mask_path": "fg_masks/00000_06.png",
            "flame_param_path": "flame_param/00000.npz"
        },
        {
            "timestep_index": 0,
            "timestep_index_original": 0,
            "timestep_id": "000000",
            "camera_index": 7,
            "camera_id": "222200041",
            "cx": 274.87823486328125,
            "cy": 401.1339416503906,
            "fl_x": 2048.7333984375,
            "fl_y": 2048.7451171875,
            "h": 802,
            "w": 550,
            "camera_angle_x": 0.2668634427881083,
            "camera_angle_y": 0.3865720499690903,
            "transform_matrix": [
                [
                    0.9952661991119385,
                    0.03979625925421715,
                    0.08866529911756516,
                    0.11732074525207281
                ],
                [
                    -0.015717647969722748,
                    0.9662187099456787,
                    -0.257244348526001,
                    -0.3630147520452738
                ],
                [
                    -0.09590757638216019,
                    0.25463294982910156,
                    0.962270200252533,
                    1.1704620085656643
                ],
                [
                    0.0,
                    0.0,
                    0.0,
                    1.0
                ]
            ],
            "file_path": "images/00000_07.png",
            "fg_mask_path": "fg_masks/00000_07.png",
            "flame_param_path": "flame_param/00000.npz"
        },
        {
            "timestep_index": 0,
            "timestep_index_original": 0,
            "timestep_id": "000000",
            "camera_index": 8,
            "camera_id": "222200037",
            "cx": 274.87823486328125,
            "cy": 401.1339416503906,
            "fl_x": 2048.7333984375,
            "fl_y": 2048.7451171875,
            "h": 802,
            "w": 550,
            "camera_angle_x": 0.2668634427881083,
            "camera_angle_y": 0.3865720499690903,
            "transform_matrix": [
                [
                    0.9954224228858948,
                    0.022013191133737564,
                    -0.09300331771373749,
                    -0.10000718478113413
                ],
                [
                    0.0018131743418052793,
                    0.9685882925987244,
                    0.24866436421871185,
                    0.24914426170289516
                ],
                [
                    0.09555565565824509,
                    -0.24769465625286102,
                    0.9641143679618835,
                    1.1218378506600857
                ],
                [
                    0.0,
                    0.0,
                    0.0,
                    1.0
                ]
            ],
            "file_path": "images/00000_08.png",
            "fg_mask_path": "fg_masks/00000_08.png",
            "flame_param_path": "flame_param/00000.npz"
        },
        {
            "timestep_index": 0,
            "timestep_index_original": 0,
            "timestep_id": "000000",
            "camera_index": 9,
            "camera_id": "222200038",
            "cx": 274.87823486328125,
            "cy": 401.1339416503906,
            "fl_x": 2048.7333984375,
            "fl_y": 2048.7451171875,
            "h": 802,
            "w": 550,
            "camera_angle_x": 0.2668634427881083,
            "camera_angle_y": 0.3865720499690903,
            "transform_matrix": [
                [
                    0.9959782361984253,
                    -0.011844984255731106,
                    -0.08880887180566788,
                    -0.10822730604559183
                ],
                [
                    -0.014977088198065758,
                    0.9552640914916992,
                    -0.29537519812583923,
                    -0.3625521007925272
                ],
                [
                    0.08833448588848114,
                    0.29551735520362854,
                    0.9512447714805603,
                    1.1846795044839382
                ],
                [
                    0.0,
                    0.0,
                    0.0,
                    1.0
                ]
            ],
            "file_path": "images/00000_09.png",
            "fg_mask_path": "fg_masks/00000_09.png",
            "flame_param_path": "flame_param/00000.npz"
        },
        {
            "timestep_index": 0,
            "timestep_index_original": 0,
            "timestep_id": "000000",
            "camera_index": 10,
            "camera_id": "222200047",
            "cx": 274.87823486328125,
            "cy": 401.1339416503906,
            "fl_x": 2048.7333984375,
            "fl_y": 2048.7451171875,
            "h": 802,
            "w": 550,
            "camera_angle_x": 0.2668634427881083,
            "camera_angle_y": 0.3865720499690903,
            "transform_matrix": [
                [
                    0.9693759679794312,
                    0.05200778692960739,
                    -0.2400113195180893,
                    -0.30230303201824427
                ],
                [
                    0.006989806890487671,
                    0.97107994556427,
                    0.23865312337875366,
                    0.25422451458871365
                ],
                [
                    0.24548181891441345,
                    -0.23302219808101654,
                    0.9409778714179993,
                    1.1355671845376492
                ],
                [
                    0.0,
                    0.0,
                    0.0,
                    1.0
                ]
            ],
            "file_path": "images/00000_10.png",
            "fg_mask_path": "fg_masks/00000_10.png",
            "flame_param_path": "flame_param/00000.npz"
        },
        {
            "timestep_index": 0,
            "timestep_index_original": 0,
            "timestep_id": "000000",
            "camera_index": 11,
            "camera_id": "222200043",
            "cx": 274.87823486328125,
            "cy": 401.1339416503906,
            "fl_x": 2048.7333984375,
            "fl_y": 2048.7451171875,
            "h": 802,
            "w": 550,
            "camera_angle_x": 0.2668634427881083,
            "camera_angle_y": 0.3865720499690903,
            "transform_matrix": [
                [
                    0.9675226211547852,
                    -0.07127807289361954,
                    -0.2425270527601242,
                    -0.3209620574489236
                ],
                [
                    0.0011828679125756025,
                    0.9606889486312866,
                    -0.27762511372566223,
                    -0.36057534255087376
                ],
                [
                    0.252781480550766,
                    0.2683217227458954,
                    0.9295725226402283,
                    1.1812795363366604
                ],
                [
                    0.0,
                    0.0,
                    0.0,
                    1.0
                ]
            ],
            "file_path": "images/00000_11.png",
            "fg_mask_path": "fg_masks/00000_11.png",
            "flame_param_path": "flame_param/00000.npz"
        },
        {
            "timestep_index": 0,
            "timestep_index_original": 0,
            "timestep_id": "000000",
            "camera_index": 12,
            "camera_id": "222200049",
            "cx": 274.87823486328125,
            "cy": 401.1339416503906,
            "fl_x": 2048.7333984375,
            "fl_y": 2048.7451171875,
            "h": 802,
            "w": 550,
            "camera_angle_x": 0.2668634427881083,
            "camera_angle_y": 0.3865720499690903,
            "transform_matrix": [
                [
                    0.8989220261573792,
                    0.10539957135915756,
                    -0.4252413809299469,
                    -0.49749974999576807
                ],
                [
                    0.014195861294865608,
                    0.9631127715110779,
                    0.26872414350509644,
                    0.2875108774751425
                ],
                [
                    0.43787863850593567,
                    -0.24759869277477264,
                    0.8642669320106506,
                    1.0204892121255398
                ],
                [
                    0.0,
                    0.0,
                    0.0,
                    1.0
                ]
            ],
            "file_path": "images/00000_12.png",
            "fg_mask_path": "fg_masks/00000_12.png",
            "flame_param_path": "flame_param/00000.npz"
        },
        {
            "timestep_index": 0,
            "timestep_index_original": 0,
            "timestep_id": "000000",
            "camera_index": 13,
            "camera_id": "222200039",
            "cx": 274.87823486328125,
            "cy": 401.1339416503906,
            "fl_x": 2048.7333984375,
            "fl_y": 2048.7451171875,
            "h": 802,
            "w": 550,
            "camera_angle_x": 0.2668634427881083,
            "camera_angle_y": 0.3865720499690903,
            "transform_matrix": [
                [
                    0.8888636827468872,
                    -0.1417100876569748,
                    -0.4357059597969055,
                    -0.5311075309291482
                ],
                [
                    0.03312656283378601,
                    0.9683547616004944,
                    -0.24737012386322021,
                    -0.32464065589010715
                ],
                [
                    0.456972599029541,
                    0.2054448425769806,
                    0.865429699420929,
                    1.0652662478387356
                ],
                [
                    0.0,
                    0.0,
                    0.0,
                    1.0
                ]
            ],
            "file_path": "images/00000_13.png",
            "fg_mask_path": "fg_masks/00000_13.png",
            "flame_param_path": "flame_param/00000.npz"
        },
        {
            "timestep_index": 0,
            "timestep_index_original": 0,
            "timestep_id": "000000",
            "camera_index": 14,
            "camera_id": "222200045",
            "cx": 274.87823486328125,
            "cy": 401.1339416503906,
            "fl_x": 2048.7333984375,
            "fl_y": 2048.7451171875,
            "h": 802,
            "w": 550,
            "camera_angle_x": 0.2668634427881083,
            "camera_angle_y": 0.3865720499690903,
            "transform_matrix": [
                [
                    0.6950658559799194,
                    -0.19051024317741394,
                    -0.6932454705238342,
                    -0.8139139274135232
                ],
                [
                    0.010304135270416737,
                    0.9667932987213135,
                    -0.25535252690315247,
                    -0.3305130545049906
                ],
                [
                    0.7188721299171448,
                    0.1703435778617859,
                    0.6739481687545776,
                    0.79304164275527
                ],
                [
                    0.0,
                    0.0,
                    0.0,
                    1.0
                ]
            ],
            "file_path": "images/00000_14.png",
            "fg_mask_path": "fg_masks/00000_14.png",
            "flame_param_path": "flame_param/00000.npz"
        },
        {
            "timestep_index": 0,
            "timestep_index_original": 0,
            "timestep_id": "000000",
            "camera_index": 15,
            "camera_id": "221501007",
            "cx": 274.87823486328125,
            "cy": 401.1339416503906,
            "fl_x": 2048.7333984375,
            "fl_y": 2048.7451171875,
            "h": 802,
            "w": 550,
            "camera_angle_x": 0.2668634427881083,
            "camera_angle_y": 0.3865720499690903,
            "transform_matrix": [
                [
                    0.7046393752098083,
                    0.16308146715164185,
                    -0.6905706524848938,
                    -0.7756751636043191
                ],
                [
                    0.044123049825429916,
                    0.9612763524055481,
                    0.27203184366226196,
                    0.28139457665383816
                ],
                [
                    0.7081924080848694,
                    -0.2221543937921524,
                    0.6701575517654419,
                    0.7455638609826565
                ],
                [
                    0.0,
                    0.0,
                    0.0,
                    1.0
                ]
            ],
            "file_path": "images/00000_15.png",
            "fg_mask_path": "fg_masks/00000_15.png",
            "flame_param_path": "flame_param/00000.npz"
        }
    ],
    "cx": 274.87823486328125,
    "cy": 401.1339416503906,
    "fl_x": 2048.7333984375,
    "fl_y": 2048.7451171875,
    "h": 802,
    "w": 550,
    "camera_angle_x": 0.2668634427881083,
    "camera_angle_y": 0.3865720499690903,
    "timestep_indices": [
        0
    ],
    "camera_indices": [
        0,
        1,
        2,
        3,
        4,
        5,
        6,
        7,
        8,
        9,
        10,
        11,
        12,
        13,
        14,
        15
    ]
}